59
315.515625 106.140625
482.703125 112.390625
429.578125 119.421875
461.609375 127.234375
501.453125 134.265625
427.234375 138.953125
353.015625 150.671875
492.859375 153.015625
473.328125 168.640625
329.578125 178.796875
453.796875 189.734375
342.078125 206.921875
475.671875 220.984375
407.703125 239.734375
414.734375 260.828125
452.234375 271.765625
338.171875 293.640625
416.296875 314.734375
437.390625 352.234375
435.046875 374.109375
413.171875 411.609375
352.234375 419.421875
463.171875 431.921875
438.171875 443.640625
461.609375 460.828125
396.765625 470.984375
380.359375 475.671875
473.328125 484.265625
513.953125 492.859375
492.859375 498.328125
303.015625 510.828125
292.859375 518.640625
503.796875 525.671875
513.953125 537.390625
520.203125 546.765625
295.203125 556.140625
592.078125 563.953125
463.953125 569.421875
206.921875 574.890625
497.546875 577.234375
314.734375 581.921875
413.171875 585.046875
455.359375 587.390625
420.984375 591.296875
500.671875 594.421875
466.296875 597.546875
258.484375 600.671875
367.859375 603.796875
289.734375 606.921875
395.203125 608.484375
404.578125 611.609375
417.078125 615.515625
232.703125 618.640625
561.609375 620.984375
214.734375 625.671875
441.296875 628.796875
239.734375 633.484375
497.546875 634.265625
513.953125 647.546875
