59
371.765625 102.234375
531.140625 112.390625
473.328125 118.640625
499.890625 128.015625
547.546875 134.265625
463.953125 139.734375
388.171875 147.546875
540.515625 155.359375
517.859375 171.765625
370.203125 177.234375
464.734375 192.078125
362.390625 204.578125
488.171875 225.671875
328.015625 244.421875
295.984375 266.296875
335.046875 278.796875
236.609375 291.296875
299.109375 321.765625
327.234375 356.921875
324.109375 378.015625
310.828125 412.390625
250.671875 414.734375
343.640625 438.171875
314.734375 445.203125
344.421875 468.640625
286.609375 470.203125
270.984375 473.328125
345.203125 492.859375
388.953125 505.359375
364.734375 507.703125
203.015625 495.984375
191.296875 498.328125
385.828125 538.171875
402.234375 553.015625
406.921875 562.390625
206.140625 535.828125
492.859375 592.078125
358.484375 576.453125
137.390625 540.515625
396.765625 588.171875
225.671875 563.953125
309.265625 582.703125
349.109375 592.078125
308.484375 591.296875
381.921875 605.359375
347.546875 601.453125
161.609375 572.546875
240.515625 590.515625
186.609375 583.484375
267.859375 602.234375
271.765625 606.140625
282.703125 609.265625
130.359375 585.046875
415.515625 642.859375
107.703125 589.734375
298.328125 628.796875
124.109375 599.890625
346.765625 645.984375
344.421875 658.484375
